0.102336 72
3.192538 1
0.066466 1
0.157447 1
0.192028 1
0.111922 1
0.584095 1
0.088049 1
0.151834 1
0.247983 1
0.400128 1
0.495959 2
2.375370 63
0.000579 2
0.381175 49
0.001151 2
2.377835 12
0.000207 21
2.022848 12
0.000520 21
0.406574 12
0.000471 21
1.620054 12
0.000100 21
2.024647 12
0.000448 21
32.881493 12
0.112084 61
0.910102 75
0.805211 68
0.327687 73
0.002199 71
0.153859 38
0.163888 56
0.268215 58
0.205027 32
0.497290 78
0.793880 46
0.010522 40
0.011496 45
0.000296 2
213.868803 13
0.000188 2
0.002105 74
0.000238 2
0.000197 69
0.000093 2
33.528765 13
0.000077 2
0.000132 59
0.000022 2
3.829114 72
0.001087 2
4.054703 84
2.993909 44
0.006462 56
0.218615 454
0.000536 38
12.270851 65
16.911082 48
2.526090 41
1.934687 72
3.193040 1
0.112392 1
0.215535 1
0.192150 1
0.096021 1
0.455941 1
0.247879 1
0.208068 1
0.792167 1
0.143845 1
0.143722 1
0.552285 2
4.473459 18
0.014539 17
0.931668 1
0.304318 1
0.081636 1
0.174252 1
0.199530 1
0.208169 1
0.448291 1
0.656437 2
0.521293 15
0.007576 14
9.070083 41
0.296324 2
6.305241 29
4.776257 93
0.342010 2
0.228961 37
0.376288 57
0.307947 34
0.163179 57
0.035284 29
7.796304 22
1.276242 2
2.183796 29
6.296880 86
0.456071 2
7.961993 29
1.126006 22
1.614618 2
0.277473 228
2.257394 1
0.264106 1
0.808393 1
1.128433 3
0.263134 1
0.608224 2
0.011192 81
0.720597 32
8.405853 2
1.665072 29
9.572133 1
0.038031 1
0.040714 1
0.023025 1
0.495154 4
0.170530 4
0.200535 4
0.140629 4
0.121095 1
0.467510 1
0.077444 1
0.264952 1
0.109901 1
0.459437 48
0.010509 29
1.345020 25
1.445932 2
0.418885 35
8.787572 2
1.297229 18
0.008149 17
1.241451 1
0.064582 1
0.335522 1
0.094356 1
0.967344 10
0.019030 38
0.018608 29
9.735897 27
0.343263 2
0.033668 88
0.015550 29
7.460823 29
0.317682 2
8.553051 732
0.845862 2
0.666538 15
0.007552 14
6.393075 32
0.391142 2
0.009792 29
11.727333 19
0.830243 2
0.011638 9
0.012927 764
21.961550 21
0.313105 2
19.222032 945
4.814663 2
26.362649 29
0.944510 25
0.628024 2
0.186885 30
0.035691 29
4.930743 25
1.112059 2
0.234043 30
0.046655 29
10.136643 22
0.718694 2
0.420061 32
9.155865 2
0.199339 45
0.057266 74
5.659324 22
0.584920 1
0.318413 1
0.258228 1
0.021901 1
0.019257 1
0.019647 1
0.021002 1
0.019943 1
0.020903 1
0.018263 1
0.022363 1
0.017675 1
0.019393 1
0.020881 1
0.972664 29
0.299242 29
0.268882 29
0.815987 2
0.288773 35
1.646796 2
1.294516 58
0.549689 35
1.136747 1
0.084605 1
0.318383 1
0.112907 1
0.601246 10
0.011598 67
17.292002 20
0.838302 2
0.017634 30
0.016071 29
1.562176 20
0.152328 68
10.918156 2
0.294872 35
0.776490 2
0.922691 58
0.370982 35
1.112986 1
0.063685 1
0.318864 1
0.096217 1
0.420083 48
0.005231 29
0.931402 25
0.415601 1
0.263409 1
0.019256 1
0.019755 1
0.021536 1
0.019424 1
0.019218 1
0.020533 1
0.019255 1
0.020257 1
0.019246 1
0.020749 1
0.016968 1
0.019658 1
0.019501 1
0.321449 1
0.160077 1
0.351957 36
0.151201 34
0.160857 32
0.789385 2
0.331869 32
1.603966 2
1.173903 58
0.492614 29
1.966861 1
0.231162 1
0.127776 1
0.258409 1
0.309263 1
0.143419 1
0.433378 2
0.075616 344
0.014208 29
2.126523 1
0.070946 1
0.288055 1
0.100134 1
0.472825 77
7.586841 1
0.080929 1
0.286075 1
0.089412 1
0.533899 10
0.024674 35
2.552290 1
0.064111 1
0.255700 1
0.104508 1
0.740225 2
0.004646 8
0.003700 34
0.005336 72
3.546763 1
0.063855 1
0.248120 1
0.104259 1
1.079805 4
0.259088 4
0.019824 4
0.020170 1
0.020445 1
0.019620 1
0.020384 1
0.019404 1
0.020791 1
0.019378 1
0.019802 1
0.609007 1
0.080251 1
0.223705 1
0.104180 1
1.120236 6
0.000842 2
